ENDF/B-VII.1 Neutron Spectra: 92-U-235(n,total fission)
Incident Neutron Energy: 1.000000E-5 eV
                           
                           
Outgoing Energy (eV)    Energy distr. of sec. part. (b/eV)
0.000E0     0.000E0
1.000E1     3.867E-5
1.100E1     4.056E-5
1.200E1     4.237E-5
1.300E1     4.410E-5
1.400E1     4.576E-5
1.500E1     4.737E-5
1.600E1     4.892E-5
1.700E1     5.042E-5
1.800E1     5.189E-5
1.900E1     5.331E-5
2.000E1     5.469E-5
2.100E1     5.604E-5
2.200E1     5.736E-5
2.300E1     5.865E-5
2.400E1     5.991E-5
2.500E1     6.115E-5
2.600E1     6.236E-5
2.700E1     6.355E-5
2.800E1     6.471E-5
2.900E1     6.586E-5
3.000E1     6.698E-5
3.100E1     6.809E-5
3.200E1     6.918E-5
3.300E1     7.025E-5
3.400E1     7.131E-5
3.500E1     7.235E-5
3.600E1     7.338E-5
3.700E1     7.439E-5
3.800E1     7.539E-5
3.900E1     7.637E-5
4.000E1     7.735E-5
4.100E1     7.831E-5
4.200E1     7.926E-5
4.300E1     8.020E-5
4.400E1     8.112E-5
4.500E1     8.204E-5
4.600E1     8.295E-5
4.700E1     8.384E-5
4.800E1     8.473E-5
4.900E1     8.561E-5
5.000E1     8.648E-5
5.100E1     8.734E-5
5.200E1     8.819E-5
5.300E1     8.903E-5
5.400E1     8.987E-5
5.500E1     9.070E-5
5.600E1     9.152E-5
5.700E1     9.233E-5
5.800E1     9.314E-5
5.900E1     9.394E-5
6.000E1     9.473E-5
6.100E1     9.552E-5
6.200E1     9.630E-5
6.300E1     9.707E-5
6.400E1     9.784E-5
6.500E1     9.860E-5
6.600E1     9.935E-5
6.700E1     1.001E-4
6.800E1     1.008E-4
6.900E1     1.016E-4
7.000E1     1.023E-4
7.100E1     1.030E-4
7.200E1     1.038E-4
7.300E1     1.045E-4
7.400E1     1.052E-4
7.500E1     1.059E-4
7.600E1     1.066E-4
7.700E1     1.073E-4
7.800E1     1.080E-4
7.900E1     1.087E-4
8.000E1     1.094E-4
8.100E1     1.101E-4
8.200E1     1.107E-4
8.300E1     1.114E-4
8.400E1     1.121E-4
8.500E1     1.128E-4
8.600E1     1.134E-4
8.700E1     1.141E-4
8.800E1     1.147E-4
8.900E1     1.154E-4
9.000E1     1.160E-4
9.100E1     1.167E-4
9.200E1     1.173E-4
9.300E1     1.179E-4
9.400E1     1.186E-4
9.500E1     1.192E-4
9.600E1     1.198E-4
9.700E1     1.204E-4
9.800E1     1.211E-4
9.900E1     1.217E-4
1.000E2     1.223E-4
1.100E2     1.283E-4
1.200E2     1.340E-4
1.300E2     1.394E-4
1.400E2     1.447E-4
1.500E2     1.498E-4
1.600E2     1.547E-4
1.700E2     1.595E-4
1.800E2     1.641E-4
1.900E2     1.686E-4
2.000E2     1.729E-4
2.100E2     1.772E-4
2.200E2     1.814E-4
2.300E2     1.855E-4
2.400E2     1.895E-4
2.500E2     1.934E-4
2.600E2     1.972E-4
2.700E2     2.009E-4
2.800E2     2.046E-4
2.900E2     2.083E-4
3.000E2     2.118E-4
3.100E2     2.153E-4
3.200E2     2.188E-4
3.300E2     2.221E-4
3.400E2     2.255E-4
3.500E2     2.288E-4
3.600E2     2.320E-4
3.700E2     2.352E-4
3.800E2     2.384E-4
3.900E2     2.415E-4
4.000E2     2.446E-4
4.100E2     2.476E-4
4.200E2     2.506E-4
4.300E2     2.536E-4
4.400E2     2.565E-4
4.500E2     2.594E-4
4.600E2     2.623E-4
4.700E2     2.651E-4
4.800E2     2.679E-4
4.900E2     2.707E-4
5.000E2     2.734E-4
5.100E2     2.762E-4
5.200E2     2.788E-4
5.300E2     2.815E-4
5.400E2     2.842E-4
5.500E2     2.868E-4
5.600E2     2.894E-4
5.700E2     2.919E-4
5.800E2     2.945E-4
5.900E2     2.970E-4
6.000E2     2.995E-4
6.100E2     3.020E-4
6.200E2     3.045E-4
6.300E2     3.069E-4
6.400E2     3.093E-4
6.500E2     3.117E-4
6.600E2     3.141E-4
6.700E2     3.165E-4
6.800E2     3.189E-4
6.900E2     3.212E-4
7.000E2     3.235E-4
7.100E2     3.258E-4
7.200E2     3.281E-4
7.300E2     3.304E-4
7.400E2     3.326E-4
7.500E2     3.349E-4
7.600E2     3.371E-4
7.700E2     3.393E-4
7.800E2     3.415E-4
7.900E2     3.437E-4
8.000E2     3.458E-4
8.100E2     3.480E-4
8.200E2     3.501E-4
8.300E2     3.523E-4
8.400E2     3.544E-4
8.500E2     3.565E-4
8.600E2     3.586E-4
8.700E2     3.606E-4
8.800E2     3.627E-4
8.900E2     3.648E-4
9.000E2     3.668E-4
9.100E2     3.688E-4
9.200E2     3.709E-4
9.300E2     3.729E-4
9.400E2     3.749E-4
9.500E2     3.769E-4
9.600E2     3.788E-4
9.700E2     3.808E-4
9.800E2     3.828E-4
9.900E2     3.847E-4
1.000E3     3.866E-4
1.100E3     4.055E-4
1.200E3     4.235E-4
1.300E3     4.408E-4
1.400E3     4.574E-4
1.500E3     4.735E-4
1.600E3     4.890E-4
1.700E3     5.040E-4
1.800E3     5.186E-4
1.900E3     5.328E-4
2.000E3     5.467E-4
2.100E3     5.601E-4
2.200E3     5.733E-4
2.300E3     5.862E-4
2.400E3     5.988E-4
2.500E3     6.111E-4
2.600E3     6.232E-4
2.700E3     6.350E-4
2.800E3     6.467E-4
2.900E3     6.581E-4
3.000E3     6.693E-4
3.100E3     6.804E-4
3.200E3     6.913E-4
3.300E3     7.020E-4
3.400E3     7.125E-4
3.500E3     7.229E-4
3.600E3     7.331E-4
3.700E3     7.432E-4
3.800E3     7.532E-4
3.900E3     7.630E-4
4.000E3     7.727E-4
4.100E3     7.823E-4
4.200E3     7.917E-4
4.300E3     8.011E-4
4.400E3     8.103E-4
4.500E3     8.195E-4
4.600E3     8.285E-4
4.700E3     8.374E-4
4.800E3     8.463E-4
4.900E3     8.550E-4
5.000E3     8.637E-4
5.100E3     8.722E-4
5.200E3     8.807E-4
5.300E3     8.891E-4
5.400E3     8.975E-4
5.500E3     9.057E-4
5.600E3     9.139E-4
5.700E3     9.220E-4
5.800E3     9.300E-4
5.900E3     9.380E-4
6.000E3     9.459E-4
6.100E3     9.537E-4
6.200E3     9.614E-4
6.300E3     9.691E-4
6.400E3     9.768E-4
6.500E3     9.844E-4
6.600E3     9.919E-4
6.700E3     9.993E-4
6.800E3     1.007E-3
6.900E3     1.014E-3
7.000E3     1.021E-3
7.100E3     1.029E-3
7.200E3     1.036E-3
7.300E3     1.043E-3
7.400E3     1.050E-3
7.500E3     1.057E-3
7.600E3     1.064E-3
7.700E3     1.071E-3
7.800E3     1.078E-3
7.900E3     1.085E-3
8.000E3     1.092E-3
8.100E3     1.098E-3
8.200E3     1.105E-3
8.300E3     1.112E-3
8.400E3     1.118E-3
8.500E3     1.125E-3
8.600E3     1.132E-3
8.700E3     1.138E-3
8.800E3     1.145E-3
8.900E3     1.151E-3
9.000E3     1.158E-3
9.100E3     1.164E-3
9.200E3     1.170E-3
9.300E3     1.177E-3
9.400E3     1.183E-3
9.500E3     1.189E-3
9.600E3     1.195E-3
9.700E3     1.201E-3
9.800E3     1.208E-3
9.900E3     1.214E-3
1.000E4     1.220E-3
1.100E4     1.279E-3
1.200E4     1.336E-3
1.300E4     1.390E-3
1.400E4     1.442E-3
1.500E4     1.492E-3
1.600E4     1.541E-3
1.700E4     1.587E-3
1.800E4     1.633E-3
1.900E4     1.677E-3
2.000E4     1.720E-3
2.100E4     1.763E-3
2.200E4     1.803E-3
2.300E4     1.844E-3
2.400E4     1.883E-3
2.500E4     1.921E-3
2.600E4     1.958E-3
2.700E4     1.995E-3
2.800E4     2.031E-3
2.900E4     2.067E-3
3.000E4     2.101E-3
3.100E4     2.136E-3
3.200E4     2.169E-3
3.300E4     2.202E-3
3.400E4     2.235E-3
3.500E4     2.267E-3
3.600E4     2.298E-3
3.700E4     2.329E-3
3.800E4     2.360E-3
3.900E4     2.390E-3
4.000E4     2.420E-3
4.100E4     2.449E-3
4.200E4     2.478E-3
4.300E4     2.507E-3
4.400E4     2.535E-3
4.500E4     2.563E-3
4.600E4     2.590E-3
4.700E4     2.618E-3
4.800E4     2.644E-3
4.900E4     2.671E-3
5.000E4     2.697E-3
5.100E4     2.723E-3
5.200E4     2.749E-3
5.300E4     2.775E-3
5.400E4     2.800E-3
5.500E4     2.825E-3
5.600E4     2.850E-3
5.700E4     2.874E-3
5.800E4     2.898E-3
5.900E4     2.922E-3
6.000E4     2.946E-3
6.100E4     2.970E-3
6.200E4     2.993E-3
6.300E4     3.016E-3
6.400E4     3.039E-3
6.500E4     3.062E-3
6.600E4     3.084E-3
6.700E4     3.107E-3
6.800E4     3.129E-3
6.900E4     3.151E-3
7.000E4     3.173E-3
7.100E4     3.194E-3
7.200E4     3.216E-3
7.300E4     3.237E-3
7.400E4     3.258E-3
7.500E4     3.279E-3
7.600E4     3.300E-3
7.700E4     3.320E-3
7.800E4     3.341E-3
7.900E4     3.361E-3
8.000E4     3.381E-3
8.100E4     3.401E-3
8.200E4     3.421E-3
8.300E4     3.441E-3
8.400E4     3.460E-3
8.500E4     3.480E-3
8.600E4     3.499E-3
8.700E4     3.518E-3
8.800E4     3.537E-3
8.900E4     3.556E-3
9.000E4     3.575E-3
9.100E4     3.594E-3
9.200E4     3.612E-3
9.300E4     3.630E-3
9.400E4     3.649E-3
9.500E4     3.667E-3
9.600E4     3.685E-3
9.700E4     3.703E-3
9.800E4     3.721E-3
9.900E4     3.738E-3
1.000E5     3.756E-3
1.100E5     3.926E-3
1.200E5     4.087E-3
1.300E5     4.239E-3
1.400E5     4.384E-3
1.500E5     4.522E-3
1.600E5     4.653E-3
1.700E5     4.779E-3
1.800E5     4.899E-3
1.900E5     5.014E-3
2.000E5     5.124E-3
2.100E5     5.230E-3
2.200E5     5.332E-3
2.300E5     5.430E-3
2.400E5     5.524E-3
2.500E5     5.615E-3
2.600E5     5.702E-3
2.700E5     5.786E-3
2.800E5     5.867E-3
2.900E5     5.944E-3
3.000E5     6.019E-3
3.100E5     6.091E-3
3.200E5     6.161E-3
3.300E5     6.228E-3
3.400E5     6.292E-3
3.500E5     6.353E-3
3.600E5     6.413E-3
3.700E5     6.470E-3
3.800E5     6.525E-3
3.900E5     6.577E-3
4.000E5     6.628E-3
4.100E5     6.676E-3
4.200E5     6.723E-3
4.300E5     6.767E-3
4.400E5     6.809E-3
4.500E5     6.848E-3
4.600E5     6.885E-3
4.700E5     6.920E-3
4.800E5     6.952E-3
4.900E5     6.983E-3
5.000E5     7.013E-3
5.100E5     7.040E-3
5.200E5     7.066E-3
5.300E5     7.091E-3
5.400E5     7.114E-3
5.500E5     7.135E-3
5.600E5     7.154E-3
5.700E5     7.171E-3
5.800E5     7.187E-3
5.900E5     7.201E-3
6.000E5     7.214E-3
6.100E5     7.226E-3
6.200E5     7.236E-3
6.300E5     7.246E-3
6.400E5     7.255E-3
6.500E5     7.263E-3
6.600E5     7.270E-3
6.700E5     7.276E-3
6.800E5     7.281E-3
6.900E5     7.286E-3
7.000E5     7.289E-3
7.100E5     7.292E-3
7.200E5     7.294E-3
7.300E5     7.295E-3
7.400E5     7.295E-3
7.500E5     7.295E-3
7.600E5     7.294E-3
7.700E5     7.292E-3
7.800E5     7.290E-3
7.900E5     7.287E-3
8.000E5     7.284E-3
8.100E5     7.280E-3
8.200E5     7.276E-3
8.300E5     7.271E-3
8.400E5     7.265E-3
8.500E5     7.259E-3
8.600E5     7.253E-3
8.700E5     7.246E-3
8.800E5     7.239E-3
8.900E5     7.231E-3
9.000E5     7.223E-3
9.100E5     7.215E-3
9.200E5     7.206E-3
9.300E5     7.197E-3
9.400E5     7.187E-3
9.500E5     7.177E-3
9.600E5     7.167E-3
9.700E5     7.157E-3
9.800E5     7.146E-3
9.900E5     7.134E-3
1.000E6     7.123E-3
1.100E6     6.989E-3
1.200E6     6.827E-3
1.300E6     6.649E-3
1.400E6     6.457E-3
1.500E6     6.254E-3
1.600E6     6.041E-3
1.700E6     5.820E-3
1.800E6     5.592E-3
1.900E6     5.360E-3
2.000E6     5.125E-3
2.100E6     4.888E-3
2.200E6     4.653E-3
2.300E6     4.420E-3
2.400E6     4.191E-3
2.500E6     3.968E-3
2.600E6     3.751E-3
2.700E6     3.541E-3
2.800E6     3.339E-3
2.900E6     3.146E-3
3.000E6     2.961E-3
3.100E6     2.785E-3
3.200E6     2.617E-3
3.300E6     2.458E-3
3.400E6     2.308E-3
3.500E6     2.166E-3
3.600E6     2.032E-3
3.700E6     1.905E-3
3.800E6     1.786E-3
3.900E6     1.674E-3
4.000E6     1.569E-3
4.100E6     1.470E-3
4.200E6     1.377E-3
4.300E6     1.289E-3
4.400E6     1.207E-3
4.500E6     1.130E-3
4.600E6     1.057E-3
4.700E6     9.895E-4
4.800E6     9.257E-4
4.900E6     8.658E-4
5.000E6     8.097E-4
5.100E6     7.570E-4
5.200E6     7.075E-4
5.300E6     6.612E-4
5.400E6     6.177E-4
5.500E6     5.769E-4
5.600E6     5.387E-4
5.700E6     5.028E-4
5.800E6     4.692E-4
5.900E6     4.377E-4
6.000E6     4.083E-4
6.100E6     3.807E-4
6.200E6     3.548E-4
6.300E6     3.306E-4
6.400E6     3.080E-4
6.500E6     2.869E-4
6.600E6     2.671E-4
6.700E6     2.486E-4
6.800E6     2.313E-4
6.900E6     2.152E-4
7.000E6     2.002E-4
7.100E6     1.862E-4
7.200E6     1.731E-4
7.300E6     1.609E-4
7.400E6     1.495E-4
7.500E6     1.389E-4
7.600E6     1.291E-4
7.700E6     1.199E-4
7.800E6     1.113E-4
7.900E6     1.034E-4
8.000E6     9.598E-5
8.100E6     8.910E-5
8.200E6     8.270E-5
8.300E6     7.676E-5
8.400E6     7.124E-5
8.500E6     6.610E-5
8.600E6     6.133E-5
8.700E6     5.691E-5
8.800E6     5.279E-5
8.900E6     4.897E-5
9.000E6     4.543E-5
9.100E6     4.214E-5
9.200E6     3.908E-5
9.300E6     3.625E-5
9.400E6     3.362E-5
9.500E6     3.117E-5
9.600E6     2.891E-5
9.700E6     2.680E-5
9.800E6     2.485E-5
9.900E6     2.304E-5
1.000E7     2.136E-5
1.020E7     1.835E-5
1.040E7     1.577E-5
1.060E7     1.354E-5
1.080E7     1.164E-5
1.100E7     9.996E-6
1.120E7     8.578E-6
1.140E7     7.362E-6
1.160E7     6.317E-6
1.180E7     5.421E-6
1.200E7     4.652E-6
1.220E7     3.987E-6
1.240E7     3.417E-6
1.260E7     2.928E-6
1.280E7     2.510E-6
1.300E7     2.151E-6
1.320E7     1.841E-6
1.340E7     1.577E-6
1.360E7     1.350E-6
1.380E7     1.155E-6
1.400E7     9.892E-7
1.420E7     8.459E-7
1.440E7     7.234E-7
1.460E7     6.185E-7
1.480E7     5.289E-7
1.500E7     4.523E-7
1.520E7     3.863E-7
1.540E7     3.300E-7
1.560E7     2.819E-7
1.580E7     2.408E-7
1.600E7     2.057E-7
1.620E7     1.755E-7
1.640E7     1.498E-7
1.660E7     1.278E-7
1.680E7     1.091E-7
1.700E7     9.309E-8
1.720E7     7.937E-8
1.740E7     6.767E-8
1.760E7     5.769E-8
1.780E7     4.919E-8
1.800E7     4.194E-8
1.820E7     3.572E-8
1.840E7     3.043E-8
1.860E7     2.592E-8
1.880E7     2.208E-8
1.900E7     1.881E-8
1.920E7     1.601E-8
1.940E7     1.362E-8
1.960E7     1.160E-8
1.980E7     9.869E-9
2.000E7     8.400E-9
2.020E7     7.143E-9
2.040E7     6.075E-9
2.060E7     5.166E-9
2.080E7     4.393E-9
2.100E7     3.736E-9
2.120E7     3.175E-9
2.140E7     2.698E-9
2.160E7     2.293E-9
2.180E7     1.949E-9
2.200E7     1.656E-9
2.220E7     1.406E-9
2.240E7     1.195E-9
2.260E7     1.015E-9
2.280E7     8.617E-10
2.300E7     7.318E-10
2.320E7     6.212E-10
2.340E7     5.273E-10
2.360E7     4.476E-10
2.380E7     3.800E-10
2.400E7     3.226E-10
2.420E7     2.737E-10
2.440E7     2.322E-10
2.460E7     1.970E-10
2.480E7     1.672E-10
2.500E7     1.418E-10
2.520E7     1.203E-10
2.540E7     1.020E-10
2.560E7     8.648E-11
2.580E7     7.334E-11
2.600E7     6.219E-11
2.620E7     5.271E-11
2.640E7     4.467E-11
2.660E7     3.786E-11
2.680E7     3.209E-11
2.700E7     2.720E-11
2.720E7     2.304E-11
2.740E7     1.951E-11
2.760E7     1.653E-11
2.780E7     1.400E-11
2.800E7     1.186E-11
2.820E7     1.004E-11
2.840E7     8.497E-12
2.860E7     7.192E-12
2.880E7     6.088E-12
2.900E7     5.154E-12
2.920E7     4.360E-12
2.940E7     3.688E-12
2.960E7     3.120E-12
2.980E7     2.640E-12
3.000E7     2.233E-12
3.100E7     0.000E0
